freezen:{
    "horizontal": {
        "freezenhorizontaldata": [
            120,
            7,
            0,
            [
                140,
                159,
                176,
                193,
                209,
                226,
                243,
                259,
                278,
                278,
                294,
                310,
                326,
                342,
                358,
                374,
                390,
                406,
                422,
                438,
                455,
                472,
                492,
                512,
                528,
                528,
                545,
                565,
                585,
                605,
                625,
                645,
                665,
                684,
                700,
                719,
                735,
                751,
                768,
                785,
                805,
                822,
                838,
                854,
                871,
                888,
                907,
                927,
                944,
                961,
                981,
                1001,
                1017,
                1037,
                1057,
                1077,
                1093,
                1109,
                1125,
                1141,
                1157,
                1173,
                1189,
                1205,
                1205,
                1205,
                1205,
                1205,
                1205,
                1205,
                1205,
                1221,
                1237,
                1253,
                1272,
                1291,
                1310,
                1329,
                1348,
                1367,
                1367,
                1367,
                1367,
                1367,
                1383,
                1402,
                1421,
                1440,
                1459,
                1459,
                1459,
                1459,
                1475,
                1492,
                1509,
                1525,
                1542,
                1562,
                1579,
                1595,
                1611,
                1627,
                1647,
                1667,
                1687,
                1707,
                1727,
                1747,
                1767,
                1783,
                1803,
                1823,
                1843,
                1863,
                1883,
                1903,
                1923,
                1939,
                1955,
                1974,
                1994,
                2014,
                2033,
                2052,
                2071,
                2091,
                2111,
                2127,
                2143,
                2159,
                2179,
                2199,
                2219,
                2239,
                2259,
                2279,
                2295,
                2311,
                2327,
                2343,
                2359,
                2375,
                2391,
                2407,
                2423,
                2439,
                2455,
                2471,
                2487,
                2503,
                2519,
                2535,
                2551,
                2567,
                2583,
                2599,
                2615,
                2631,
                2647,
                2663,
                2679,
                2695,
                2711,
                2727,
                2743,
                2763,
                2783,
                2803,
                2823,
                2843,
                2863,
                2883,
                2903,
                2923,
                2939,
                2955,
                2971,
                2987
            ],
            134
        ],
        "top": 134
    },
    "vertical": {
        "freezenverticaldata": [
            228,
            2,
            0,
            [
                342,
                456,
                570,
                684,
                798,
                912,
                1026,
                1140,
                1254,
                1368,
                1482,
                1596,
                1710,
                1824,
                1883,
                1942,
                1992,
                2051,
                2110,
                2169,
                2228,
                2287,
                2346,
                2405,
                2464,
                2523,
                2582,
                2641,
                2700,
                2759,
                2818,
                2877,
                2939,
                2998,
                3057,
                3116,
                3175,
                3234,
                3293,
                3352,
                3411,
                3470,
                3529,
                3588,
                3647,
                3706,
                3765,
                3824,
                3883,
                3942,
                4001,
                4060,
                4119,
                4178,
                4237,
                4296,
                4355,
                4414,
                4473,
                4532,
                4591,
                4650,
                4709,
                4768,
                4827,
                4886,
                4945,
                5004,
                5063,
                5129,
                5188,
                5247,
                5306,
                5365,
                5424,
                5483,
                5542,
                5601,
                5660,
                5719,
                5778,
                5837,
                5896,
                5955,
                6014,
                6073,
                6132,
                6191,
                6250,
                6309,
                6368,
                6427,
                6486,
                6545,
                6604,
                6663,
                6722,
                6781,
                6840,
                6899,
                6958,
                7017,
                7076,
                7135,
                7194,
                7253,
                7312,
                7371,
                7430
            ],
            262.8
        ],
        "left": 262.8
    }
},
frozen:{
    "type": "rangeBoth",
    "range": {
        "row_focus": 6,
        "column_focus": 1
    }
}
